{'model': {'name': 'lgbm',
  'params': {'num_leaves': 58,
   'max_depth': 12,
   'learning_rate': 0.08960785365368121,
   'n_estimators': 938,
   'subsample': 0.6624074561769746,
   'colsample_bytree': 0.662397808134481,
   'reg_alpha': 3.3323645788192616e-08,
   'reg_lambda': 0.6245760287469893}}}
